22536176
20188190
15319517
22479173
20204074
21119770
18769538
19387615
22574175
22951258
15885517
21442040
16092131
16364661
22437567
17543543
21110988
18343687
22426351
23185334
22266172
22863548
20656038
19442671
21968196
22405733
19250174
23065787
22275890
18698355
19744566
21692143
22915309
22973198
20547470
23024573
18513352
19387980
20004253
22461234
16206130
17560126
20542991
23251232
21232892
19414287
22440648
22936519
22939920
22632732
18723676
18412133
23165872
11209064
17719799
17293859
21430585
18345988
17259855
19121364
22846657
18820290
18262825
21237182
21079751
22659001
18288254
18003379
22737116
19052227
18545916
22673802
20146832
22814146
21352923
22255477
22484411
22846285
18308711
19826083
20643934
21982929
20522269
16087440
20153834
22086306
22196329
21076991
21726580
19281801
17652461
21068318
15167540
22420593
19463854
19961876
20821063
22521254
20162320
18082428
16342150
17239622
22334332
16434214
21335308
20878759
19964995
21375601
20832427
19789183
23366973
17190824
22434915
19761851
19036975
16973382
18667160
20797541
22751356
20805236
20655157
15901409
18299829
22713670
21055874
19850507
23366379
22426994
16574580
20721313
23285614
22484204
21451040
20624599
22357634
21969917
22266176
18536708
20687206
19944766
16165274
18950528
23010311
19446602
21871534
22766734
17468956
21761665
19457380
19285560
20096788
21368043
18495496
14572916
16399673
19930640
22433009
22370913
19059344
22752783
20624586
15615089
21810986
20664580
22375114
21718791
17196400
19559557
20728872
22248576
22432954
22934122
22174743
17919927
22432423
21461877
23227167
22432453
19236927
21923785
15722206
18539049
22858266
19414462
18446160
21669292
19730736
17475514
19531876
21256967
21029783
21769991
21763437
22855795
17329470
21078708
21147519
18588876
21406160
21982164
21267430
19401185
22395089
18845009
22711287
22216234
23145011
20724114
21195388
21935985
20308545
21499781
21458943
21784302
22541365
20605694
21376785
20146653
22723888
23049834
21298074
18089297
22226903
18631977
19034902
21167644
21124954
17729011
22348891
21107673
19928018
19079567
22917204
22424873
18234695
22153589
21506166
21605598
20621638
19028382
23075728
21719430
22776459
20159144
22163223
21654735
21782246
16791098
18372048
22835912
19193886
19179050
20571458
22796277
20665717
21391267
19765560
19699190
20964957
21810451
18028882
22524972
18550592
23250883
22981811
20851147
22744656
22433049
19409498
22912754
19910166
20843875
20016898
20726875
22986357
21316472
22260958
17406613
18387582
22387170
17678861
21761687
22732560
20935339
23128080
19180558
21338547
17942734
15866546
16616940
15993771
22915996
18760691
15110014
19559684
18337009
19427842
20494627
22964986
21106812
22513380
19836143
19015835
19403118
19844211
21402618
22371590
20096307
21829681
19703568
23024630
23060755
23060754
20844603
22305453
20434565
22202190
23361483
19172623
20407579
16419098
18466688
20581682
23480741
19055973
21516259
22383502
20460593
19410587
21334099
16202481
17536972
22484520
20126437
21519384
22659108
21167947
22902768
22155375
18674847
18823239
21238595
17524667
16494683
22119651
19027073
22333511
21975202
20093190
21167945
19577651
17064940
22348896
20953235
23227153
19442869
19415481
17626038
21234815
22347194
17236244
21727896
18370593
17611031
21925236
23119078
20600963
18534567
19875216
18314269
17301167
19058786
20211668
21846504
21255654
20064767
22283490
20085788
20558415
21051551
22637967
19448848
19158105
22688567
19560547
21146507
20053346
22901705
22698584
22933378
17360163
20004180
22306865
22522963
20188516
22056201
22738183
22575084
20960002
22102841
22178091
16919409
23285086
22996745
22809740
15145996
22724025
21637831
21394853
19433892
22841782
22022410
22613740
21810628
21747127
22291667
19884607
18346764
17400412
21259382
21633398
22633527
21194569
19375076
21965419
21203551
17287508
20869846
20970506
18754766
20947065
19920062
18056577
23223295
20072616
21929661
21849646
21319269
17133390
21048216
20625170
17525980
22939367
15843789
22162064
21437717
21975588
19001356
21402057
21798516
20645311
20059988
20974268
22551729
15862911
21259388
18536699
22217183
21798310
22961475
22490500
22848692
21856123
22840241
19955113
22008374
22563009
21206528
22820143
22692554
19229326
21167825
15954139
22987670
22313617
22509052
20932348
21839174
22986358
18234476
21813114
16510242
21444068
18937282
20417253
18219621
22701611
21369355
22281673
21907292
22937041
22913365
20132802
22500773
22116025
23144994
22695315
21980454
23109152
12355013
20110617
21515385
17434757
23119084
19854028
18004139
18458208
18981342
22840629
22432955
22432455
22401827
22490172
17997112
22617448
22634856
14980569
20456928
19336392
19640471
23238869
19640477
19833321
19738902
22036679
17029760
19829380
21144498
22196109
23346055
22216229
15072678
23151958
21272595
18304592
17803973
21122817
18823250
18412113
18977409
22510433
19395526
23115554
21083650
22465842
21676991
20502995
19755575
22738227
22891054
16340161
19457398
22772933
18501969
21459147
22275894
22019857
19450693
22840435
19876663
19580827
11969331
19163962
17281444
20378292
23226208
17113313
21209846
23071485
20472076
21613505
20035880
22590539
17928332
20688176
23226322
17884110
21123578
21829668
19903736
22743194
19710319
21864689
21889994
15856081
21640839
21185903
23230425
18814461
21127016
22433052
21181800
23284783
21159973
9788073
20409662
17493957
21807101
21232578
22355618
21575682
21111833
22172781
22465941
21161024
21970560
21404363
20659822
22307385
15792902
17499467
21766399
21533283
16324797
22531427
18057954
18463875
18194182
21206267
22255475
21282318
22785398
18981063
18519527
20194482
20156573
19349313
23199001
21911029
16954916
21111832
18777560
22700085
18839089
19666011
18674627
20525202
22498656
20157644
19212445
20807850
19347874
18985137
15221172
22968697
16253520
17359913
18480282
19759528
21408092
21538702
16192359
22055622
19321919
20096269
20728873
18940230
22699044
20558187
20008375
21546000
23101745
22865697
17042953
17659885
19384602
20844129
20060103
19074498
23251704
22574141
19571269
20829245
19789470
22038706
22353426
20439317
22958829
19559043
17531541
21663993
22969709
22973224
20876002
23152757
21900068
18347739
20060050
22743197
21513720
20601340
22233778
21389234
20510373
21945849
22480914
19497696
21577250
21722740
22813979
16373457
22328061
22696432
21821265
20934521
23002142
17299507
22063092
23041334
19559798
19956404
21925609
14741655
21671731
22892422
22484308
22750679
21664280
19559343
21964552
18256259
17504783
22396302
21145902
21497657
20810879
21666130
22457485
17942721
20227250
16087442
19427522
18958233
20332062
22432958
22019860
18452757
20946915
18989108
22395207
12599751
22432417
17450579
19571142
10096335
15130584
18952917
19880203
16284751
17920297
20235336
20860792
21107378
19280706
20188188
16002305
23165015
16677947
17904868
21858168
22906513
17968590
18620789
22887827
16339798
18221282
21643504
16514105
21984582
21618666
21097318
18434200
21477817
21430278
19461018
21315627
23236076
23097273
23097663
23279178
16087445
21872853
23233279
22512333
20845228
21191476
20561569
20497901
23279180
17182784
23449679
21527724
21497656
22504841
21567661
15627577
18384958
21030092
19500677
21571326
22452963
21871569
20130360
21524704
19321134
21128784
19844612
22717698
18668627
20932778
16472720
21471390
19465137
21193174
17979124
19803683
15068921
22952624
22985900
19577398
17372276
20433323
20610989
20850237
21349545
20172508
22910274
22634066
18266216
20800649
23367106
18434203
22245357
23060787
22363273
22652026
21567664
22593075
19025940
20005216
22037688
17359924
20885292
21111052
21487836
19300473
22433008
20662902
22101143
22498714
15589104
22032947
19457356
21843646
22369993
21761469
22668988
20807056
21720531
19834573
22515798
23142654
20435204
20385449
22514564
22549972
19180557
21992220
18634888
19539269
21976513
19649252
19226186
21441920
16545966
19730137
21356112
18501895
20959433
18614290
18602745
22892245
20299799
18757982
20599837
17590353
22332720
21980485
20484322
22382359
18987529
19427909
21864459
19657971
18455930
17638594
20058735
19189086
12806834
18951556
23250886
16275138
18325636
21677157
22461412
22542195
20044898
21311009
21490204
22442088
19446957
21044687
21976249
19844241
23129559
15831409
22916105
18469021
16135779
15340158
22993529
16271484
14755593
15167557
20819516
22877578
16473024
19092609
20051230
22245641
21473890
21151992
19740732
21484954
22807280
21273022
22569542
19172655
22178142
21689765
21191807
19463891
19416664
15561504
20724031
20598763
22808026
21723948
21915941
23286054
21316462
20600322
21842407
21420500
22341211
18838032
16950225
21049093
19109060
18635705
21708219
20427157
21211567
22155326
19703570
16023871
21489409
17888409
22305988
22969710
21248238
19712744
22677149
19898290
23361489
20592951
22374263
21035587
21861988
22171282
22131379
18185099
17646086
19146962
22792291
19679192
19254342
15721179
21609770
10642730
21896062
18077520
20068448
22973202
23103689
21130847
20725910
18752396
20385663
21246665
20921510
20844478
22848712
21160543
22322184
22528829
22796505
19560134
20946959
20153764
16341210
16899645
22275896
22514308
20815871
22937122
18952275
22498657
19913624
22312418
18211236
19557845
20302912
17995910
22915997
19166996
21248684
17651935
17615325
22673372
21438875
21632648
22750124
19294652
22809025
23087619
18479871
19345737
16087436
17884583
20053886
20456892
20026219
16761264
20625794
21509860
15010111
19579230
19442868
22433609
17919929
19961940
21775675
22807481
19566254
17707170
22732321
17680602
22235267
18242723
17708778
19500679
19641018
20398774
18374274
21472027
18280077
22440649
22669496
16087437
21151357
20053383
22394673
21493790
22642651
20364434
19689332
16306320
19286464
16413049
20948582
20016001
19103296
21624430
22470320
22418271
15784425
18722533
22076305
22579727
22623966
22246962
17937229
19079541
21054353
21238510
19176826
17023184
22553030
21396459
22952459
21955921
16497520
21995040
22529823
21565412
22461404
18465800
21687435
17681983
23020103
18621692
22952978
16945915
20572208
22468608
23286051
19200075
22721380
15319515
22159116
15701225
18547769
19968042
9339448
19176827
18083492
23142262
18952678
19371782
23550176
21676110
22514324
21228301
15172056
21520346
19956400
22721379
22174900
21466793
15488417
22266411
19199411
22685430
18631949
18043765
21621224
19662656
19941896
20026486
21095105
14527577
22446877
16290018
23367100
21895340
19442749
18382276
20578173
20664609
23146963
22470337
19620724
21677275
15215213
19116795
21906995
19470806
20610743
20580319
20622155
22281064
18249420
17896791
22484206
19211893
19003478
21693784
19255447
23365829
22052704
19360650
15375348
21741443
21586826
22431380
22771500
22658819
19299197
20656043
22581200
20740492
22409909
21073962
21840407
20861384
23185566
21590261
22082003
16502496
22546028
22079927
21067900
22751038
21880911
22937070
21703354
20399582
22965806
23479459
22577304
22347863
21801166
22051223
20444445
22182770
16718775
17315146
18786643
22842906
20373425
18037453
22039473
17686466
15601512
22387471
20541019
22952990
21616982
21414910
22479172
22487186
22855813
19549821
18661506
19389870
20808138
21224491
22542844
22231384
22784277
21960496
22910401
20943668
22294427
20703959
20493670
21362335
16361943
22885245
20589879
20553873
22381387
20533558
22224834
22578721
22269223
18486233
19426163
22519864
21228297
21940437
20937938
22079659
21841202
20974213
22040294
19923280
21900574
20600998
19964951
20648663
23077048
20034928
21514321
20830290
22128194
20502992
15601513
21459364
18824195
18482851
15070770
18455308
22742947
21824753
23100395
23175546
20404306
23099059
22125628
21228298
21482762
21703783
21220676
18367410
19837176
19376059
20336685
20503134
18439140
20366857
20807578
21500313
22260935
20855296
22974690
19300986
23366444
18564257
18591475
22231619
20603148
19595679
19408112
17222714
18789154
17080435
14673805
22728304
21565220
20799834
18343159
20879232
16765065
22796989
11835612
19294642
18786570
16129624
18051050
23284719
18926913
22634220
16568419
16546405
21995035
20971474
20739559
21070788
18653667
17679691
17712265
20385244
21812564
18037883
19621066
22236372
18568899
22010901
21330468
20976563
19580873
21871375
20807576
17884585
21938266
23265620
21045001
18708149
22792176
18838043
18702576
18068690
22319436
23143517
21297966
20541837
23123782
20623435
20678494
21707827
18423328
18571388
22401986
18633819
21459151
19036867
21703498
15389942
21437634
21075593
18160181
14679386
21266125
22573677
21623362
23185536
19553476
21421061
16226895
19798637
19356262
17433093
20521849
18504738
21211551
21831362
22308408
21962775
22115148
22177217
19909817
23143344
22209809
19777271
23459252
18395471
17881532
21411650
21974788
20858546
20229085
22115994
19172653
21368090
18003187
18063588
18589405
22045722
19530277
22433660
21761649
21602829
19694254
20814959
14741651
19109459
21440643
22066003
16685993
17354790
22008370
19931396
20057496
19859933
21971460
22883925
22345089
22507230
22414594
22393216
21335671
19996041
21791259
20670970
22242146
21703287
21531100
22210242
20520835
19289479
21031030
21338650
22510722
22460056
22457774
18299296
21665514
22480296
19812343
21368086
23118015
18054866
23108249
20123468
22633945
20028354
22218274
20974272
23231650
20154013
22266414
21880922
21570470
17329432
22361166
18793731
19803684
21331371
22875902
18165283
22438291
20624473
22399779
22968047
16269111
20419095
20097295
21741081
18599573
17283203
16262647
19684249
17576922
19914337
19895564
19571149
18385483
22596271
20164350
22342804
15193626
23382713
18665211
21122819
21888979
19357304
21613466
21669407
22480729
22403525
22432452
18829135
21725037
19846728
21239414
21897814
22245638
20362676
15721085
19698149
16859985
20503118
19837416
17485733
20374289
20636208
20410145
21182118
18090425
20139975
22905075
21888982
19914781
20171847
18607148
19922310
22539930
22789669
19805418
20144945
22507229
19616045
17681817
19678593
21693094
18578604
23286135
22015853
22886013
21931653
21511369
18385328
18088284
18978778
19442867
22787044
19564918
22764248
19961836
20370667
18590728
20674286
17965128
18752410
22319604
21964488
19560121
21753011
20547857
19483110
20577591
22036177
21858129
19699805
19864557
21575727
20420927
21948903
17999985
19162618
18406629
23293596
21238594
21094663
17161624
20472074
19003479
17936017
20056151
22634857
17426386
18000754
22140572
17210628
20814961
21289179
18702583
23056400
22484408
21695081
21861684
20354002
22701409
20561919
22108643
17318301
18486490
18839097
21396454
22993265
21550407
22349892
18716200
21502525
22171056
17071224
15379222
22496570
22056459
17997330
19716894
16282201
22764240
21791169
22418054
18718456
19597090
19450664
21554963
19434601
23056477
20869953
22682903
22809741
19176816
22219283
18495165
21130115
22938826
17698205
15683197
22985738
23185086
18403217
18848805
20921381
22658975
18331812
22836172
22558196
21349336
12948703
16624589
20378397
19110062
22916152
21555604
22868938
17164821
21391259
22047966
18927264
21624474
11156772
20602432
16963281
23103309
21250762
19585386
21615187
21063144
15382248
20502989
22546319
20663964
21406628
22890117
22048461
18367601
18226833
20423709
22480771
20932914
21592468
20682351
22970069
21734279
18329290
21976523
17258910
22279430
19467298
22525159
21126588
20493954
21047558
19853664
22895727
18095285
20715080
21543619
17190969
21477655
22948550
20231838
21920502
22698449
20004726
18455837
19152542
20350057
18605869
21621371
20728875
22925152
23251203
23251595
22569063
21813680
22741094
18777212
22412922
22820953
20398773
18540914
16421332
19969009
21840129
22957904
19455919
22403536
19446646
21391283
20570495
22066005
23279181
20451623
16012272
21298283
21310593
20957650
22727763
21865456
21440644
21703350
21199958
21191477
23079491
21175574
22766770
22658708
19470923
17274684
22940641
19515930
20436911
22302824
18722508
22431642
12958209
15766639
18843113
21478071
23217748
19964570
17670949
21145042
19790053
23033930
22615555
21041625
21170073
21787167
21415225
20869375
20732901
22796982
20715084
22936905
21296864
18674589
22108504
20127869
20371508
22623534
12948702
19002252
22432454
20570660
18454454
18465797
22204928
19680553
18703089
21339377
22482925
22042444
20600962
20152133
21781000
21466926
22836173
22518101
20851772
22512355
21452947
21743819
22866182
18060712
20621656
18189337
22398395
22366080
17178407
20399735
21430142
15738097
21441989
21835242
16087441
19253363
23367098
22254809
17274023
22329975
22155039
15588603
15707795
16202626
19074013
15784427
19937337
18849131
21971464
19261422
20853181
18520366
20828626
23015782
18977091
21854855
18824236
18799601
20595201
19936244
19944765
22465841
21489346
20463201
19918055
22177602
20393055
22333920
20417713
21471556
19351894
22293987
20573339
22409340
23367161
19706320
19922803
22908362
20980597
19433790
20045076
18343163
22982484
22384043
23162440
21094179
22429242
18002382
19162206
21734863
16138552
19163695
22289806
21181786
20005043
20471808
23367163
20661461
22254926
22291663
21311605
20357471
17653109
19963833
20804852
22457497
22996793
21347331
21592470
21296165
23056205
19910167
19107751
22505284
21907479
20532906
19240963
15050602
20886578
21151362
22738433
16702548
21111830
20123913
21604958
18507885
23206727
21765181
21764265
17354776
23016836
21448959
11550260
18766152
23110885
16839297
21827859
17566684
15567705
18271742
23055488
21590316
19515922
20879309
21995036
22986355
21982165
21733286
18191584
20713505
21536897
19619661
23118875
22105156
20697829
19014532
22459434
19892020
18584959
17904385
20011541
19162201
20814964
17517680
20188187
18786565
16594871
17629500
23285136
16260155
15708233
23110882
20225278
22401285
22016540
21354315
22508366
22514285
21078980
21777682
18839086
18827458
15734351
21368033
22791801
11498421
17240167
18064582
18632288
21118724
22122866
23125131
21211570
22504766
23285615
20116435
22841307
19076405
19889990
21964480
20454842
21109663
21674197
21255633
16603922
22485128
21371689
22137181
17707538
22708993
21611155
18761094
20162605
21272937
20934985
17157417
18345980
20739018
19782667
22629253
22138427
16861334
22472800
14993603
22737995
20962241
20809855
21439388
20688104
23133413
17190967
19345736
19015108
18639236
22784032
20069392
22912831
21612005
20542494
23049832
19569073
16772313
16706860
22684096
19288462
22432952
14643085
19517529
19427632
20093525
23026956
23367097
18358744
18996505
22729957
19783409
21312401
21684262
18515323
19782695
21152340
21557387
22276205
22206967
22977198
19412534
22710361
19738925
22371619
19940187
17959471
22432905
15866328
18296434
21586331
22220190
23367096
21277327
20637877
19631277
20631176
21265603
21835227
20679633
22441258
22415913
15982816
20211741
15195284
21893683
20116090
21077135
15465453
23008156
20409665
21590585
19172624
20493671
19811772
15706237
19675251
20457896
19302165
22082460
21514391
22675003
21998099
15588609
21241721
15849899
17935181
22987774
21533116
22495745
20047510
20709145
21609769
17047454
22330428
17418888
15652316
20815055
22534625
22189566
15974906
17134917
20302914
17046857
20220591
15201316
21259381
21269293
21441991
20800096
9558644
19048104
19269336
21343409
22425432
19350563
8524021
23064084
17390353
20974263
20813478
12506194
11003270
22256225
22006979
22116037
17497627
22328062
23044373
21175012
21163879
18784212
11156761
21376813
16404743
22722065
21096408
21556277
20740649
16855008
18219617
22056967
15820708
21757239
18400794
22428013
19242558
21961777
22298826
16520329
17560689
19110061
20851770
19022864
19629462
19068486
21111053
19420256
19955295
20927345
17028117
18599026
21775613
20924756
20189190
23033990
19398308
16324799
21568635
22375109
20347043
21840627
22005016
15795134
18633773
16281291
20079755
15829087
14568466
21273403
18191573
17392459
22765879
22087089
21601832
21811568
17222539
15930046
15860339
17628434
16183659
17399900
19945255
20007472
21997740
22905029
22415720
22426349
18413571
18650043
23558466
18050322
18231790
20082973
22434213
20589101
17329425
19420091
15907297
22262753
16404228
15884020
17725995
19288466
17633696
16037086
19631757
16631203
16385021
21722703
21828200
22829269
21714000
22319550
21085530
20954429
23226956
17977762
22559794
21474509
22408692
20444566
19847047
19041348
22090805
21801165
16540350
20494966
17939771
17028561
21030316
22618832
22890098
19964099
22490587
15198455
18214457
22884825
21376754
22736522
22255319
23164495
21778116
15955503
22099467
21365716
20410359
16944489
19698093
22631619
19435709
16750615
22078745
22081100
16633442
21701225
17215145
21751096
22465619
22931977
20665594
17958482
22247501
18989458
22941719
21435935
21458238
14741637
20426148
19507160
23128076
21073967
21368198
17531309
22860044
21159952
21907811
19940176
20188659
15238447
19163619
21932266
19235882
22114261
19607991
16087446
17982452
23293594
22378166
20472075
21425398
22503940
21943255
19376239
18194807
22699906
21908484
16328492
21514570
23153273
21310247
19967599
22487039
22789741
21761690
20061122
15766766
18420426
21731479
20133824
21368038
19822738
21821135
18423426
18266983
22634212
22851402
19521974
19327997
19446638
22444074
20864126
21900576
21335014
23022216
20700385
22925560
19301994
21540080
22659480
21157880
22020117
23366949
22130207
22427332
23109521
17908336
21818285
21861783
18952674
20349109
22624008
20581686
20589099
20060479
19375455
21632943
20621162
18413702
17884586
20847425
21160549
19565262
23286130
20521082
20598764
18789314
22049362
22732562
21687724
23286166
21068309
20139679
21760903
23165219
21253975
16361940
23060772
20510255
22433051
22115948
22445785
20003075
21440073
20688177
18064584
22387608
19501172
18682272
21968568
19356836
22883430
22789908
21881848
17482411
19244357
21399975
22843414
18064590
23227257
22451917
12165349
18830955
19949480
18784304
17542641
23286053
21504797
22675292
19632151
22881275
21743472
20084170
19720989
18586526
22750156
22232597
18172338
23141073
19097110
17921875
22524276
23172213
20637787
21203387
23024632
23108248
16879844
16278872
19199417
18416677
23152634
19524531
18937119
21620907
19344685
21795550
22408630
22875921
21880941
20356959
22919427
21041200
16767538
22024432
19349234
23185007
22248574
23256049
18187361
21908183
22699045
15957578
15616134
17989279
20357688
22521477
18602482
20689712
23051903
21144497
20629125
19164577
15488411
21130224
22703623
15964211
19782614
21854971
17240066
20696892
16186033
20450959
21172325
22110427
21958459
22255425
19969092
15670701
20851718
21995039
16246590
22019883
19497366
23142067
22851197
23001620
22898249
20838471
20589235
22285110
19669480
14568492
22418737
19108604
21677649
19909818
21484953
19703799
17490991
10893535
21376815
14741648
19695814
22748628
19100840
22749971
19800293
15850744
22178817
19925871
21849979
16740378
17617172
20581684
22429073
20610991
21283729
17951077
23011761
18607198
19948227
21807094
21080967
21762712
17888408
22233604
21983182
22547826
20884015
19747154
22233733
20629632
21887352
21679770
21334442
21939773
20955802
21629680
19779619
21421063
19393717
22203807
22425717
22819939
16779797
21481335
19488674
21364890
22563460
22889284
21912680
21375473
20056155
20006713
18236036
20123114
22935402
22808050
22282432
21159322
18095282
18307200
23161519
17281600
21385616
22689768
21925611
23223302
21938756
19307251
19135071
22941724
17188903
19329571
22378134
20064275
22006990
20690141
21949877
20071145
23197700
22792493
22242887
18395468
22002475
21034792
19439588
22065778
17329130
22706694
21613490
23225275
21775739
16850117
22955145
19541369
17570347
20819576
21304328
23033154
23035076
18665257
21589884
20473549
19720089
20665721
20336659
19075726
15734355
17889566
22738280
12814576
19699307
17027761
18486388
18395469
22888314
19524887
17892384
18216206
21527789
18930182
17689962
22281931
22315406
22459915
21416560
22484405
22965696
16087451
22569064
19423079
21525106
21741093
21772143
22285758
18951982
22287947
21088707
21743807
23197737
22326987
22401756
21854961
21616155
16855007
23000109
22664323
22912605
19682051
20850549
22027088
23021898
21191479
22016549
17979117
21109007
19684850
19733670
18583155
23279672
22075069
21188254
20008455
19379537
16615165
21303384
20079856
21390284
20739098
22028765
22832732
22811215
15813998
19357267
22418015
18403397
23209619
16777432
19376236
18632934
15913008
22448303
22436416
19309321
21811478
19160509
22571349
19796693
21625517
22173012
20423509
21896732
21912749
19206103
21493243
10524607
22371611
23165021
22972952
18502782
22248575
17868055
20960322
23077058
18591474
16254998
20506181
22984460
23285228
22987018
20188183
20668207
23316178
15824359
17920023
17476267
21636787
19889849
22736526
20347878
18701759
22433005
20087893
22649240
22836253
22711376
19429043
20932878
20932916
17015090
22001164
16455407
23016794
22659444
20620060
21503649
23251496
20479758
21930901
18191524
16087450
20619317
21698705
22254919
21956440
21672250
19261421
22268094
19245841
18490193
22505275
21616623
19285072
22173758
16087444
21305662
19812344
19107755
18633808
20146612
22815908
21721829
20169464
21416561
21152341
20496381
15019710
18045924
22918987
22246681
19518488
19658539
22029352
18211240
22939873
20074617
20879231
21878411
22696421
19709972
23162439
23049758
23008170
19497858
22783172
19494158
16677944
22427328
19759202
21368161
22917671
16997067
22072665
18793734
22116038
22427852
22169776
21304991
21396456
19847046
21893524
20096791
18344176
16387513
22955132
22955126
20123024
21482547
21329677
18838099
21942764
20034617
21878483
23019004
22664567
22779926
16051500
20082333
21761652
19163745
17644415
16540348
15091345
19805061
21216293
16686658
21576110
15006659
17989170
18722512
22531485
22090506
20467110
19580875
22574926
20974260
22218270
22357844
18633834
20828302
21516202
22574171
18003186
21170956
22331021
19963069
21351832
17136593
21713979
21720734
15921932
18367428
19899828
19896873
21672633
16236282
22900206
19100845
22114191
19240829
21726581
20237243
22741095
21441147
22737112
20044009
21072180
22216081
16473462
19264428
22745490
20886327
19959345
18562616
22433254
20188182
17598166
20570737
18674871
19941658
18990709
19850450
22833043
17869543
23224003
16563950
20610756
18199764
22019361
22481745
22432450
18486229
22848820
22752234
16023375
18641610
22227047
22649063
19184648
21559028
16815039
22895403
22166794
21677029
18022652
23227005
20428970
23123682
18835582
20740080
23115550
19036763
22885247
18656545
21160013
22584775
22616011
16364895
15734358
19280693
17894381
11039342
17108155
22031711
22323632
23250884
20382183
18314354
22517255
20420926
23007549
20930266
22291664
18599316
17604651
19964102
22001222
22705717
18597554
22917883
19636388
18344177
19520177
20816974
16122916
22245647
21695183
18281300
20514143
19457368
21807471
20525535
18246538
19727810
22465297
18771736
21352925
14980567
16019230
18820405
20668272
16949111
22256226
16364549
18617562
19648173
23182679
22138253
17015030
22801286
21185083
20065955
20655361
22230228
19001272
22536289
22291636
18982241
22255441
22068921
19788882
21635235
22691500
17622649
22732492
23027942
22795367
20603217
22521480
23042731
22209784
19603407
22108503
23209584
23025619
19765835
18382468
16108017
20426050
21574207
21029780
22203319
19715709
21333661
21255705
18945892
22497877
15919598
21936901
21687438
21782031
18434197
19345786
17266108
21592057
21153806
19074351
21620708
20420931
16957082
21726653
18053746
15016382
18041738
19121401
21976411
22830966
17394212
21500261
21977016
21917999
19521503
22594996
22705375
19280694
21078639
20526410
22365746
22808124
18617569
20959121
21206760
22275887
20005962
21922602
20607750
21067612
22443526
18790875
17955290
18350136
11241803
22119647
21078349
19775500
15627595
15083527
19236925
16846859
21962981
19788568
17182769
21333466
19450692
19028588
21077136
18438867
21854969
21147518
18787230
21389236
22634855
22069078
20379133
22855672
18465788
22459338
22910405
18979383
19503087
16583364
19770058
22125521
21613469
21495114
23326685
21295015
17888686
22408270
19938103
21674693
20736866
19450695
22503778
21060689
21385750
21646444
21616969
22707934
20096730
14630229
23165220
17341766
22227618
19447183
19418556
18565455
21945276
21522166
19660675
21279623
18647901
22563263
20080193
21841767
20226257
23286111
20100584
21761686
22475381
20493268
20493265
19777078
21961040
20634915
21629709
21724116
20052528
21969565
21854972
21843550
20668188
19166946
22555821
21632945
12091681
22285219
18845262
21187930
16824972
23231989
20884354
20799057
20879328
21890111
20491962
19712459
23367102
22586478
21952143
18397518
22624835
22855554
22892831
17615246
20394899
23247924
22387716
19326203
20859295
19850134
21194570
22433048
16605307
21976396
18786616
20964592
22196113
18584043
20589941
16733091
22699916
20533557
22766721
22108343
21968567
19936318
22491861
21182971
18190970
20845396
20817103
21820518
20592949
17548818
23267318
20600983
20921389
22992492
19779556
22701655
19101842
21883951
19884226
16371474
19553481
16453310
20869446
19545617
21590504
21255591
22875083
21407123
18234477
20829306
20439733
21557647
22745745
15505972
21618660
21078974
20184808
15677422
20479939
19294651
18181882
20051357
20413448
22261925
19414310
19503749
20566485
21906689
21930304
22108614
19394205
17032778
22613871
19614981
18644454
23155479
22553032
21347270
17957704
17963799
19539770
15597038
21203784
19046373
20920489
21420319
21238490
22308440
16306323
21205435
23118992
19419593
19781755
23565014
19118180
19050764
23115342
21671733
22721375
22044475
21896765
18635699
23015426
16254997
16417680
19717138
19249748
20410728
20875802
22998631
21932261
22363208
20573901
22549209
19481159
16092331
22912611
18602483
19896958
20530220
21172692
21833298
19666829
22521476
19146355
19480987
21051474
22005592
21106817
22101380
20027574
20951765
18094242
20375250
18281017
19072894
20561955
20631844
19620181
18301756
20600369
17888688
22298195
15464350
18834906
21847374
21138755
16757180
21256233
21364772
19420090
22993433
18573531
23051156
21697380
22766141
22628125
22813951
19507157
18187518
19376066
21512843
20480221
18534989
21654968
19862509
22201897
21303682
22395719
19627647
19210199
21274687
18548822
22457645
20979587
18685351
19698726
22197740
22582042
20061644
22497939
18276852
21645589
23040802
20534504
18082425
22360595
18465799
21490054
22682905
21096881
20688812
22274804
21340747
15635061
23175855
18423575
18835656
18801442
18180655
20130756
22631620
21199445
22990206
21390119
19683585
22350719
19096714
22819124
21354205
15522243
15705610
15050867
21331518
17392464
22796985
20731637
20441798
23012427
20630656
22189289
18846206
19075356
21696709
17282702
15502269
20833501
21338693
22761880
23137946
19729393
17712783
20132895
18565765
18482771
21387380
19687293
17709202
22909094
22885534
18431486
21762876
20161076
21723396
19789220
21704171
23069809
19429864
19874967
19896540
18520990
19995223
15707797
19290044
20483700
18801435
19963621
20522270
21808745
22433006
22255949
15537672
15707801
22557992
12467863
21394769
22737119
15610393
22971086
22446491
19118182
21471558
22399758
22040739
21600684
19054502
18842889
19121336
21875672
21569273
22982343
18455740
22186675
22407235
21452942
18635612
18282571
20149885
20225222
22468617
21568633
22879350
21435566
22510724
19460446
17314240
21415716
20562317
19167811
21387372
18620468
21219879
22629308
15670706
21056678
23087635
19266261
22254859
23286108
22476744
21810781
18649353
22047963
19463696
20619279
17978028
22232595
20976739
17874333
19073802
16777436
19595739
16828063
20887043
21811288
20357121
18535247
22134472
20953238
22030140
15862214
22363313
22537768
22666197
22322441
19152735
22615802
21346736
21276242
23285171
22578020
22456582
20217379
19580387
22770722
22155378
23029031
19026670
20505110
19558604
22451353
23366072
22682016
22796990
21687464
16467392
22949649
18219620
20144694
20363957
22832212
21536554
22140453
15564579
19129383
21291958
20964953
18559854
17442525
22209807
20477280
22004983
21915189
15670675
17504647
21871573
22040897
21813693
21878600
19823981
22342801
17950627
19189286
21852978
18778780
23227008
20890449
23029097
23082102
17390317
22982941
17636560
19680466
17928451
21613601
22344980
22012913
22158134
21317356
20399274
21484950
22593071
19013557
19903877
22238084
22003388
22256066
23012417
19188601
22445348
21441998
18427123
20829489
21527788
22408609
22776534
22459914
21412403
22553018
22348053
23127796
20519550
22905818
18198268
21075229
22031874
20053888
21709236
23285097
19110394
19934999
21515388
20834040
21553342
19948949
22723670
18325666
16822682
17490990
19443186
18584986
16649206
20452443
22973209
18588986
18541489
22874167
22393203
21931296
23073642
20832483
18632120
20627130
21095230
17579609
22664364
21107542
21362687
23267325
21932265
18296073
21554495
22726830
21927631
19139412
18586235
18521000
22200724
22049970
21037796
23188762
17665733
17716820
19933371
23144995
21525993
20177767
19353669
21330621
23271758
17191227
22913924
22366082
19673209
22569644
17025676
23286055
22542993
20068581
22209811
21832202
21618667
15589107
23055494
21889990
18728773
22355129
22978709
19818907
21278912
20154012
20510374
19561062
20139150
19376064
23017598
21096645
20034578
20624294
22285603
19963903
22580171
19777579
19277108
21811449
21048903
17915080
23015371
16290108
21777651
17827412
21743098
21277895
20529938
21839841
22782131
21769962
20237267
22960086
20221947
21151556
20060129
18281412
22047730
18544183
17427242
16251214
22270350
22928766
20394829
22912723
19891811
23029036
22085135
12062886
22266174
15808991
21441396
20159769
23035965
20108218
21784971
21549723
17923631
21228916
18675555
21251646
22250608
19284230
21247256
22886735
18043350
20938177
22131397
21277171
22219266
15195287
18063564
21356318
22915491
22945621
23189142
20083395
23067727
18383291
20932913
22629375
19331523
16140287
23118799
19107748
20639384
23251669
12451463
17254803
21497489
18534991
22405935
22773540
21568913
22020869
22800833
15110032
21875854
20621555
18649351
21831605
19007997
20381584
22178814
21108990
23133615
18346763
19098020
18781594
19091966
22954259
23346586
21338691
19608368
18365029
19778617
16087435
15319520
20879326
17503130
22333222
21377644
23028560
19605539
21391277
22239574
20096530
19920032
19393322
21596533
19844243
22717679
21253556
21383234
22229646
21259385
22541511
19896537
22119526
20659568
20138910
18768701
19603243
21824842
19242052
15502266
19703428
21484955
20888628
20826433
22555573
21952071
22303478
21514392
19259970
19225167
20633415
22654748
20884359
20171727
21165174
21273356
23133518
22766854
18445533
21300489
19818232
18418243
22587751
23154055
20498341
18657622
23113529
21949842
22318762
21525427
20656843
20528163
22464826
22207247
20972883
21646622
21400562
22212597
14741685
19416820
16626944
18454447
20373348
20011533
22227048
14625150
22716140
21693087
19777578
21520351
21511443
17336944
21673406
22907994
19230623
20021629
22510256
21813210
21255661
21995024
22326802
23366942
22470352
22326834
22970130
22073252
23124719
23195207
21258470
21130172
22236691
22969735
20195459
20356855
19777254
18438889
22750324
18509068
22503728
21709227
19539034
22276215
22510204
22664957
22438575
21667095
22174905
21840845
22936906
23227168
23103687
22125634
21390286
22423634
21134471
21862179
23286048
22833042
22178816
22936095
21529075
22570705
23028892
20725534
18839096
23316175
17210143
18607202
19344773
21362744
21653865
21572088
18429028
22525876
23028644
18403396
20534464
22461380
20097544
22411802
22875088
22666397
23050006
22704643
21520347
23279179
17878310
21356313
22438275
21753009
20505069
22384265
19345899
20561934
22170513
19097096
21106827
19783410
21984928
23029235
20558203
22682158
22631622
19111443
21501488
19195646
22524296
20198152
21452938
22049421
21147233
17264254
17490992
17702606
21660131
23285609
22028788
20682354
21255663
18465747
18375529
21511044
19162202
19513318
22433047
20547611
20512372
12591635
19037205
21979383
19589603
21834102
17295631
21673969
22065300
22393019
22559836
22715328
21957241
21878933
19607927
17303390
21866371
22387165
20595202
23185305
17432973
22046159
11584306
22658973
15831395
20948800
20553306
19592571
18486975
21554775
20470894
18003904
22662152
20034062
22933788
17363281
16326117
15808992
21803163
22798398
22833717
21931738
22872066
20861038
21296027
22298328
20965253
19583477
19479070
15784432
20017117
20970337
21368084
19777557
16124015
21889520
19780042
16835247
18004946
19477159
16632379
15733787
23109909
21568644
19783579
19472423
22044784
18450481
20808182
16714123
18201838
17223578
22154332
17315226
22558274
16326115
23174297
19580380
19675242
15930389
19356986
21358707
20679586
21691234
17240164
22982622
16086141
22736565
16945421
19151880
21452944
22056463
22467830
9430343
23041713
12499854
18791470
20811324
20708083
21039946
22975389
19747552
22588992
16636288
18511023
21430147
21061852
20140099
21872664
20521852
19386910
21753010
18000060
21854952
20538065
10975887
17412733
18786642
17079517
21073960
16875801
16452642
17011792
18158226
15275919
21763435
18486491
19439183
21855571
21570425
22514317
20365563
21256228
22162154
20943902
22611439
19164756
18383250
23097678
19375260
19646533
22559620
22557959
20736069
16307253
19188113
15508149
23281174
17948882
21077137
22820298
20879336
19710357
16257237
22941718
21760873
15319519
18339559
21213411
21056675
15843592
15488426
15581812
19800943
20728554
19629982
22307639
22381593
23355820
18316208
19828443
22973006
15281138
18296070
22574269
19639552
21808615
21078562
22987723
20554884
19830684
21935394
18632890
21881566
21854968
20974959
15488408
23250889
17533001
23123786
20207188
23028287
22245351
18706507
22941431
19570637
21248113
17602140
22387472
20661837
21455940
21078369
20139014
22038619
22241376
19492040
19531974
22132039
22895703
22957230
17704812
21854970
23051113
18664576
18657923
15852468
17556752
17156764
18815373
16788060
21109485
21586527
16759672
21768385
22019881
18353589
21263442
17266102
21945695
23044278
21530613
22203809
23119088
21761688
19607928
17983962
22991468
22036675
21095229
14568479
15450228
20877642
22855814
20576647
17138570
20728555
22496909
23151990
22579726
20715083
21676094
22197785
21084608
21644985
22807242
20203176
21621263
22079109
19327403
20034014
22640392
20637878
22355285
21817091
22266924
18930380
22911787
20533562
22056487
23028606
20413769
20702071
20345920
21130750
18041737
19355853
21297259
21216267
18510447
22768059
22394674
19406904
18790063
21799934
23169930
22669081
16120794
19552652
17280966
14499465
19913627
22668562
21195195
23160817
21958651
20350608
23312799
20338245
18003253
22245346
21903032
16847376
16932147
19530219
18457502
22227886
19645559
20121443
19552900
19584686
21839617
20569651
19923436
17916608
16427028
18650489
17991778
22137506
22432956
21576831
12202086
21720110
18794493
20373402
21949769
21613498
22245340
16476670
22987751
19949483
21860094
17080441
22906787
21358846
22737141
18578599
19541656
22227050
18796542
19361264
12498753
21979380
21829564
17307337
21451034
16767759
22418394
22403553
21073458
20967203
22661964
18042726
18979834
22119650
22343026
21966479
15910093
18591915
19349925
21854964
20304792
17894392
19744893
17133385
19874899
20669170
19307050
19666074
22323591
21146616
18307211
21888983
19621371
22535702
19688099
22255465
21775670
23136423
16860474
23032387
20130194
18077798
21872614
23052545
19035823
22178453
20594394
20004724
22107761
22128669
22279224
18093622
20392276
21994389
22188383
17900977
21653286
23139901
21193273
22235031
21896497
22629335
22440653
17920009
21812560
19208905
20869449
15200706
18002726
22726828
22432419
18511300
20838644
22615837
19395524
22529785
19555654
21255124
21051928
21373864
18305258
22278663
22906788
15937010
17368987
17553704
23272041
22837521
22366081
21616985
17786816
21849560
22792494
22784275
17946400
21957259
20114080
21683942
22569771
22842866
21765344
22002597
20837034
21391760
18344173
22815515
20826306
20801079
19853007
22119652
21998628
21503140
23115183
21196530
22498897
20542121
16677946
21762783
20063361
18620069
18479875
17617658
18438886
15527993
17925794
20851113
21282317
23108273
17671875
21232817
21851856
21195697
20653828
19714255
23227139
22234380
21273134
21544072
22209640
22497341
21150912
19539268
12814595
22245648
22409159
22611015
17478105
19755103
18461157
22493589
22421014
15275904
20421249
21130141
22197743
17652463
22631617
18037013
22248579
21856431
22245355
22973199
23084874
19339462
20202082
22490482
23276398
21494597
22000080
18586234
20660273
15976020
22539820
22366334
21251014
16201007
20170838
23082194
19786106
22776455
21257326
18661163
18499266
18976716
22673896
22032950
22041534
20181590
17990300
22562716
20842164
22433050
21810475
18326521
21151779
22056529
18294683
19837177
20644633
18234519
19209956
22659477
23248583
18083565
20083798
22524370
21680848
23093925
18476765
22593748
16702002
20934519
22291848
21515713
18322013
16723542
21574212
18222935
22555622
22227135
20154614
14702248
22624092
19914263
19240137
21347218
16767087
23036282
21733887
16822972
19457383
19642887
21859163
21955933
18206189
22507228
20832486
21408065
22571931
20150343
19410583
22732489
22217336
20161994
21425392
19302164
22434239
22842146
22359639
20861065
17620483
15622614
21369354
20600313
22227051
22905151
21520345
20548945
21795627
21653723
22832566
19782143
22644182
18164158
22120108
18454458
18598773
15238443
21690259
20631840
20128855
21922601
22120754
17499519
18234517
18793699
19221144
19427210
20003916
19835673
21847380
22569215
16102235
20826657
22870191
21744218
20109975
17992085
21916561
21779237
21456833
22245341
17189619
19673753
20465354
19727598
19457367
15769206
21172363
21546073
22262029
22301351
18571795
21498351
19620621
18633822
22037421
20950795
19631756
20600971
21536077
17326118
18234512
20661957
21937025
20471349
21429192
17460070
22837744
23226127
19702469
17991788
22565099
22119653
20889428
17869314
23300524
19555933
19428405
22711646
21235308
22707946
22541167
20376014
22745496
22847713
20139009
19940175
22451310
21097516
22052285
21875890
16837593
20600975
21236648
22973203
20006716
19350547
23366979
15733791
21945697
22569188
22884936
20055551
20600999
22428022
20621984
20877577
21041658
19546155
21376818
20206702
21625578
22028917
22007161
21317080
20176931
21901425
22983386
21893528
21713118
17208459
22347423
23367343
22046160
22119646
21787796
22363462
23146964
18467520
23230612
22846658
19523523
22433046
15456705
22644759
21391763
19690505
21211569
23409741
22160708
17090978
21336272
21458537
18375149
19527788
22290265
19320546
22135102
23127893
21932994
22511914
19956088
18534578
18840533
18234525
21307231
22432927
22001165
21712571
20101481
15944370
20681014
20515407
19072897
22432957
20227508
20577585
22285221
21095749
20703687
21377494
21690258
21389232
19381298
21378114
18784475
17983966
20109973
16303318
21773027
20101420
19327402
16087438
22071565
19237342
16718669
21797469
22836258
22998867
21040571
17368915
20451869
21264651
21803932
19931310
19729174
20522674
21047495
20589093
19400718
21526064
18160644
21924874
20584993
20589103
17475433
20426086
21983794
21761505
20425225
21816137
19013531
20071521
22371620
21496789
22666461
21878394
15501100
22817652
20728549
20484643
21975109
22721374
17994187
18809837
23162463
15924866
22414991
20381530
20153942
22972637
17906328
17990304
18602092
22344934
22304923
19428395
16307262
22815510
22342463
22357860
19969089
19794238
20488671
22919431
16545552
22846660
20101037
17234951
20521858
15006683
22044604
19384332
21459148
23049617
20216219
21620984
21347880
20363808
21060721
22934058
18633845
21954000
19913622
11592989
16768376
15193597
15192010
22114083
16537111
18033768
21385618
22285821
18408087
22345222
20956328
19878723
23029148
21893680
18573266
17533167
21600293
22633528
20941370
22683385
21122468
20229392
22497878
22414990
19023124
22691174
16413791
16407773
22617355
21163303
22617419
18829095
20699229
21692148
22654746
23281202
23166657
22203808
22133748
22623659
20808870
19499813
19499785
21626860
19035098
19035096
20818513
22374771
21089649
17572781
20337016
19536435
21066884
18048105
18675034
15830595
19334545
22805083
18206238
19615183
22574569
21921500
22256611
17996812
21910332
19770821
21247857
20130361
19035097
22404034
23469600
22073890
22295826
18667767
22097759
20095437
21365601
21600114
22147450
22168930
21254608
20120272
21901566
19947271
21477826
20356544
21921503
23131737
20700779
16270245
21299966
20200850
20376602
21076807
21441638
16536991
20871159
22147451
22647468
21382330
18785576
20973211
15662518
21954571
22800942
21713583
20337015
19947462
17186721
21442817
21827007
22734382
20088418
18630542
22616163
21739697
20226489
20443173
18611832
22764345
21384082
21047701
23055501